camera 10 5 5 10 5 0 0 1 0
screen 90 2 5 20

# первый рисунок
model 15 8.5 0.0 30 17 0.0 # центр в точке (15, 8.5), размеры 30 x 17
color 255 0 0 # цвет красный
thickness 2   # толщина 2
path 34 
1. 3. 0. 
3. 1. 0.
12. 1. 0.
14. 2. 0.
17. 2. 0.
19. 1. 0.
21. 1. 0.
23. 2. 0.
25. 2. 0.
29. 1. 0.
22. 6. 0.
19. 4. 0.
15. 3. 0.
8. 5. 0.
7. 4. 0.
6. 5. 0.
7. 10. 0.
8. 11. 0.
7. 13. 0.
6. 13. 0.
5. 11. 0.
6. 10. 0.
5. 6. 0.
4. 7. 0.
3. 7. 0.
4. 10. 0.
5. 11. 0.
4. 13. 0.
3. 13. 0.
2. 11. 0.
3. 10. 0.
2. 6. 0.
1. 4. 0.
1. 3. 0.

# лицо
path 4
1. 4. 0.# глаз левый
2. 5. 0.
3. 4. 0.
1. 4. 0.

path 4
4. 4. 0.# глах правый
5. 5. 0.
6. 4. 0.
4. 4. 0.

path 8 # ротик
2. 3. 0.
5. 3. 0.
5. 3. 0.
4. 2. 0.
4. 2. 0.
3. 2. 0.
3. 2. 0.
2. 3. 0.
path 2
1.75 2.75 0.
2.5 3.5 0.
path 2
5.25 2.75 0.
4.5 3.5 0.

path 2
2.5 2.5 0.
2.5 3. 0.# факультативные зубки
path 2
3. 2. 0.
3. 3. 0.
path 2
3.5 2. 0.
3.5 3. 0.
path 2
4. 2. 0.
4. 3. 0.
path 2
4.5 2.5 0.
4.5 3 0.

# ракушка
path 13
7. 4. 0. # внешний слой
7. 5. 0.
8. 6. 0.
8. 6. 0.
10. 13. 0.
12. 15. 0.
15. 16. 0.
18. 16. 0.
21. 15. 0.
23. 13. 0.
24. 10. 0.
25. 9. 0.
22. 6. 0.

path 21
18. 16. 0. # внутренний слой 1
21. 14. 0.
22. 13. 0.
22. 10. 0. 
17. 5. 0.
13. 5. 0.
10. 7. 0.
12. 12. 0.
14. 14. 0.
17. 14. 0.
19. 12. 0.
19. 10. 0.
16. 7. 0.
14. 7. 0.
13. 8. 0.
14. 11. 0.
15. 12. 0.
16. 12. 0.
17. 11. 0.
16. 10. 0.
15. 10. 0.

path 23
23. 13. 0. # внутренний слой 2
23. 9. 0.
18. 4. 0.
13. 4. 0.
9. 7. 0.
11. 12. 0.
14. 15. 0.
17. 15. 0.
20. 12. 0.
20. 10. 0.
16. 6. 0.
13. 6. 0.
12. 8. 0.
13. 11. 0.
15. 13. 0.
16. 13. 0.
18. 11. 0.
16. 9. 0.
15. 9. 0.
14. 10. 0.
15. 11. 0.
16. 11. 0.
15. 10. 0.

# УЛИТКА
# Большая справа
pushTransform # сохраняем начальное состояние для дальнейших фигур сверху, фигур на карусели и зайца
scale 0.5
pushTransform 
pushTransform
scale 2 
translate 18 2 2
figure

# улитки сверху
popTransform
rotate 90 0 0 1
translate 1 9 0
figure
translate 12 0 3
figure
    
# Карусель 
popTransform 
rotate 90 0 0 1
translate 7 0 0
pushTransform # крутим фигуру на месте и перемещаем на радиус. Далее будем вращать 3 фигуры на нужный угол
pushTransform

rotate 30 0 0 1
translate 10 10 6
figure
popTransform

rotate 90 0 0 1
translate 10 10 5
figure
popTransform

rotate 150 0 0 1
translate 10 10 4
figure
popTransform

model 4.25 4.25 0.0 8.5 8.5 0.0
# голова
color 255 0 0 # цвет красный
thickness 2   # толщина 2
path 23       # 23 точки (22 отрезка)
0.5 3. 0.0
1. 4.5 0.0
0.5 6. 0.0
0.5  7.5 0.0
1. 8. 0.0
1.5 8. 0.0
2. 7.5 0.0
1.5  6. 0.0
1.5 4.5 0.0
3. 4.5 0.0
3. 6. 0.0
2.5 7.5 0.0
3. 8. 0.0
3.5 8. 0.0
4. 7.5 0.0
4. 6. 0.0
3.5 4.5 0.0
4. 3. 0.0
3.5 1.5 0.0
2.5 1. 0.0
2. 1. 0.0
1. 1.5 0.0
0.5 3. 0.0

# туловище
color 120 120 120 # цвет серый
thickness 3     # толщина 3
path 22         # 22 точки (21 отрезок)
4. 3. 0.0
5.5 3.5 0.0
7. 3.5 0.0
7.5 2.5 0.0
8. 2.5 0.0
8. 2. 0.0
7.5 2. 0.0
7.5 0.5 0.0
6.5 0.5 0.0
6.5 1. 0.0
6. 1. 0.0
6. 0.5 0.0
5. 0.5 0.0
5. 1. 0.0
4. 1. 0.0
4. 0.5 0.0
3. 0.5 0.0
3. 1. 0.0
2.5 1. 0.0
2.5 0.5 0.0
1.5 0.5 0.0
1.5 1.25 0.0

# глаза
color 0 255 0 # цвет зеленый
thickness 4   # толщина 4

# левый глаз
path 5
1.5 3.5 0.0
1.5 3. 0.0
2.  3. 0.0
2. 3.5 0.0
1.5 3.5 0.0

# правый глаз
path 5
2.5 3.5 0.0
2.5 3. 0.0
3. 3. 0.0
3. 3.5 0.0
2.5 3.5 0.0

# ушные раковины
color 0 0 0 # цвет черный
thickness 2   # толщина 2

# левая ушная раковина
path 2
1. 5.5 0.0
1. 7. 0.0

# правая ушная раковина
path 2
3.5 5.5 0.0
3.5 7. 0.0

# нос
color 0 0 255 # цвет синий
thickness 3   # толщина 3
path 4
2. 2.5 0.0
2.5 2.5 0.0
2.25 2. 0.0
2. 2.5 0.0

# ЗАЯЦ
scale 0.5
pushTransform
pushTransform
scale 2
translate 2 2 2
figure 

popTransform
rotate 90 0 0 1
translate 7 9 1
figure
translate 12 0 6
figure

# Карусель 
popTransform 
rotate 90 0 0 1
translate 7 0 0.5
pushTransform # крутим фигуру на месте и перемещаем на радиус. Далее будем вращать 2 фигуры на нужный угол
pushTransform

rotate 60 0 0 1
translate 10 10 1
figure
popTransform

rotate 120 0 0 1
translate 10 10 12
figure
popTransform


